[?1034hdata/Jul26/83a02e9_Jul22/ele/mc/iso/nominal/Jul15/DYJets.root
mu
32.0 118.21425581
0.0 0.0
0.0 0.0
0.0 0.0
0.0 0.0
0.0 0.0
0.0 0.0
0.0 0.0
ele
93112.0 343973.92869
75875.0 280297.079021
63093.0 233077.875285
1416.0 5230.98077226
160.0 591.07127738
135.0 498.716388226
58.0 214.263338804
14.0 51.7187371254
data/Jul26/83a02e9_Jul22/ele/mc/iso/nominal/Jul15/GJets1.root
mu
0.0 0.0
0.0 0.0
0.0 0.0
0.0 0.0
0.0 0.0
0.0 0.0
0.0 0.0
0.0 0.0
ele
13805.0 52810.4471698
13799.0 52787.494411
9395.0 35940.1774888
283.0 1082.60460758
35.0 133.891029835
29.0 110.938282013
10.0 38.2545804977
2.0 7.65091609955
data/Jul26/83a02e9_Jul22/ele/mc/iso/nominal/Jul15/GJets2.root
mu
1.0 1.33377754688
0.0 0.0
0.0 0.0
0.0 0.0
0.0 0.0
0.0 0.0
0.0 0.0
0.0 0.0
ele
4475.0 5968.65440595
4466.0 5956.65038526
2130.0 2840.94614112
91.0 121.373757482
22.0 29.3431061506
20.0 26.6755510569
3.0 4.00133264065
0.0 0.0
data/Jul26/83a02e9_Jul22/ele/mc/iso/nominal/Jul15/TTJets_FullLept.root
mu
56075.0 2769.6681639
0.0 0.0
0.0 0.0
0.0 0.0
0.0 0.0
0.0 0.0
0.0 0.0
0.0 0.0
ele
1243456.0 61417.039768
946078.0 46728.8828009
585788.0 28933.3637019
260844.0 12883.6616486
199342.0 9845.94188546
156725.0 7740.99410859
98756.0 4877.77706248
6371.0 314.677771628
data/Jul26/83a02e9_Jul22/ele/mc/iso/nominal/Jul15/TTJets_MassiveBinDECAY.root
mu
3392.0 2899.57950705
0.0 0.0
0.0 0.0
0.0 0.0
0.0 0.0
0.0 0.0
0.0 0.0
0.0 0.0
ele
298062.0 254792.003428
280326.0 239630.758378
127514.0 109002.648687
51492.0 44016.8477995
32532.0 27809.2932543
26229.0 22421.3064799
15273.0 13055.8013219
703.0 600.94469732
data/Jul26/83a02e9_Jul22/ele/mc/iso/nominal/Jul15/TTJets_SemiLept.root
mu
1061.0 105.877310082
0.0 0.0
0.0 0.0
0.0 0.0
0.0 0.0
0.0 0.0
0.0 0.0
0.0 0.0
ele
1993683.0 198949.852629
1988669.0 198449.505319
824370.0 82263.9753305
319091.0 31842.1266952
183081.0 18269.6736617
149802.0 14948.7584637
83516.0 8334.0711181
2684.0 267.8366649
data/Jul26/83a02e9_Jul22/ele/mc/iso/nominal/Jul15/T_s.root
mu
4.0 1.1663287878
0.0 0.0
0.0 0.0
0.0 0.0
0.0 0.0
0.0 0.0
0.0 0.0
0.0 0.0
ele
5159.0 1504.2725752
5158.0 1503.98099309
4051.0 1181.19948116
1823.0 531.554351717
972.0 283.417898685
770.0 224.518292248
499.0 145.499517292
24.0 6.99797275662
data/Jul26/83a02e9_Jul22/ele/mc/iso/nominal/Jul15/T_t.root
mu
221153.0 52130.1861234
189950.0 52007.2345376
72861.0 22508.4592121
30122.0 9305.38703823
20863.0 6445.06647801
18239.0 5634.45172203
15945.0 4925.78169715
5588.0 1726.26330268
ele
191365.0 41873.9332685
151309.0 41735.535327
58478.0 18065.215744
24163.0 7464.51325011
12340.0 3812.11330158
10859.0 3354.5979324
9100.0 2811.20185664
3034.0 937.273241073
data/Jul26/83a02e9_Jul22/ele/mc/iso/nominal/Jul15/T_tW.root
mu
162.0 72.2664960921
0.0 0.0
0.0 0.0
0.0 0.0
0.0 0.0
0.0 0.0
0.0 0.0
0.0 0.0
ele
27079.0 12079.6570723
26216.0 11694.6818731
16004.0 7139.2160657
5520.0 2462.41394645
3007.0 1341.39108476
2544.0 1134.85164395
1446.0 645.045390457
61.0 27.211458534
data/Jul26/83a02e9_Jul22/ele/mc/iso/nominal/Jul15/T_t_ToLeptons.root
mu
728191.0 52413.3815408
627943.0 52304.7234826
241776.0 22706.0602818
100516.0 9439.82186484
70671.0 6636.96974349
61980.0 5820.76643825
54193.0 5089.46101248
18925.0 1777.31534445
ele
624031.0 41985.400321
499068.0 41840.9611692
192849.0 18111.1484635
79650.0 7480.22017765
41283.0 3877.03615847
36252.0 3404.55671164
30056.0 2822.66788259
9954.0 934.816217095
data/Jul26/83a02e9_Jul22/ele/mc/iso/nominal/Jul15/Tbar_s.root
mu
2.0 0.502950549126
0.0 0.0
0.0 0.0
0.0 0.0
0.0 0.0
0.0 0.0
0.0 0.0
0.0 0.0
ele
2801.0 704.382242143
2798.0 703.627815187
2182.0 548.719049096
1061.0 266.815266669
538.0 135.293697953
425.0 106.876990318
291.0 73.1793044806
18.0 4.52655494213
data/Jul26/83a02e9_Jul22/ele/mc/iso/nominal/Jul15/Tbar_t.root
mu
123663.0 29770.7525801
106420.0 29706.6578555
39775.0 12620.6414233
16489.0 5231.97376007
11451.0 3633.41208774
9902.0 3141.91307223
8605.0 2730.37386423
2448.0 776.75249964
ele
106932.0 24015.867228
85065.0 23939.7148288
32036.0 10165.0501398
13298.0 4219.4667787
6642.0 2107.51227367
5818.0 1846.05637425
4784.0 1517.96728855
1325.0 420.423633158
data/Jul26/83a02e9_Jul22/ele/mc/iso/nominal/Jul15/Tbar_tW.root
mu
196.0 88.1773597598
0.0 0.0
0.0 0.0
0.0 0.0
0.0 0.0
0.0 0.0
0.0 0.0
0.0 0.0
ele
26870.0 12088.3962479
26026.0 11708.6936817
16012.0 7203.55039841
5655.0 2544.09679735
3104.0 1396.44144517
2586.0 1163.40129262
1468.0 660.430431008
61.0 27.4429539442
data/Jul26/83a02e9_Jul22/ele/mc/iso/nominal/Jul15/Tbar_t_ToLeptons.root
mu
337970.0 30203.2606315
292539.0 30140.2199344
108968.0 12744.789401
45840.0 5361.40100445
31897.0 3730.64151602
27673.0 3236.60667568
24255.0 2836.8407635
7023.0 821.403114729
ele
287231.0 24081.2751658
231925.0 24004.9011881
86823.0 10154.7321947
36036.0 4214.73488459
18148.0 2122.57210585
15869.0 1856.02252121
13126.0 1535.20395754
3586.0 419.415009476
data/Jul26/83a02e9_Jul22/ele/mc/iso/nominal/Jul15/W1Jets_exclusive.root
mu
0.0 0.0
0.0 0.0
0.0 0.0
0.0 0.0
0.0 0.0
0.0 0.0
0.0 0.0
0.0 0.0
ele
3779.0 26461.7234449
3779.0 26461.7234449
3446.0 24129.9547906
44.0 308.10157156
19.0 133.043859482
11.0 77.0253920555
4.0 28.0092334747
2.0 14.0046167374
data/Jul26/83a02e9_Jul22/ele/mc/iso/nominal/Jul15/W2Jets_exclusive.root
mu
11.0 23.0740220547
0.0 0.0
0.0 0.0
0.0 0.0
0.0 0.0
0.0 0.0
0.0 0.0
0.0 0.0
ele
330463.0 693191.865978
330444.0 693152.010509
328143.0 688325.345178
4712.0 9884.07191277
2046.0 4291.76809764
1699.0 3563.88754344
737.0 1545.9594717
74.0 155.2252388
data/Jul26/83a02e9_Jul22/ele/mc/iso/nominal/Jul15/W3Jets_exclusive.root
mu
34.0 34.3928078413
0.0 0.0
0.0 0.0
0.0 0.0
0.0 0.0
0.0 0.0
0.0 0.0
0.0 0.0
ele
516925.0 522897.118214
516808.0 522778.769093
419534.0 424380.94204
7512.0 7598.78735697
3366.0 3404.88790858
2794.0 2826.27950358
1096.0 1108.66225815
94.0 95.0859956741
data/Jul26/83a02e9_Jul22/ele/mc/iso/nominal/Jul15/W4Jets_exclusive.root
mu
38.0 17.1799859703
0.0 0.0
0.0 0.0
0.0 0.0
0.0 0.0
0.0 0.0
0.0 0.0
0.0 0.0
ele
760145.0 343665.281535
759765.0 343493.483195
464348.0 209934.008594
9597.0 4338.85078251
4730.0 2138.45620614
3787.0 1712.12127256
1220.0 551.56798315
125.0 56.5131130219
data/Jul26/83a02e9_Jul22/ele/mc/iso/nominal/Jul15/WJets_inclusive.root
mu
4.0 66.5459442139
0.0 0.0
0.0 0.0
0.0 0.0
0.0 0.0
0.0 0.0
0.0 0.0
0.0 0.0
ele
95381.0 1586804.7229
95361.0 1586471.99243
81128.0 1349684.87673
1319.0 21943.5255623
605.0 10065.0743332
493.0 8201.78787231
205.0 3410.47971725
15.0 249.547290802
data/Jul26/83a02e9_Jul22/ele/mc/iso/nominal/Jul15/WW.root
mu
282.0 33.2625587881
0.0 0.0
0.0 0.0
0.0 0.0
0.0 0.0
0.0 0.0
0.0 0.0
0.0 0.0
ele
136464.0 16096.2478332
135332.0 15962.7256355
109944.0 12968.1518481
2139.0 252.300047956
1178.0 138.947852567
985.0 116.183051728
393.0 46.3552683815
23.0 2.71290379763
data/Jul26/83a02e9_Jul22/ele/mc/iso/nominal/Jul15/WZ.root
mu
148.0 11.0297030583
0.0 0.0
0.0 0.0
0.0 0.0
0.0 0.0
0.0 0.0
0.0 0.0
0.0 0.0
ele
110508.0 8235.61102353
102349.0 7627.56135152
81030.0 6038.76243662
5108.0 380.673810311
2597.0 193.541478649
2006.0 149.497190967
858.0 63.9424679875
60.0 4.4715013504
data/Jul26/83a02e9_Jul22/ele/mc/iso/nominal/Jul15/ZZ.root
mu
105.0 1.83657026663
0.0 0.0
0.0 0.0
0.0 0.0
0.0 0.0
0.0 0.0
0.0 0.0
0.0 0.0
ele
79462.0 1389.88143383
60467.0 1057.6371138
46509.0 813.49570862
3589.0 62.7757218778
471.0 8.23832966574
382.0 6.68161767907
150.0 2.62367180921
19.0 0.332331759855
