[?1034hdata/Jul26/83a02e9_Jul22/mu/mc/iso/nominal/Jul15/DYJets.root
mu
46671.0 172411.796677
46671.0 172411.796677
38743.0 143124.214356
964.0 3561.20443177
355.0 1311.43939424
278.0 1026.98634267
172.0 635.401622534
18.0 66.4955191612
ele
174.0 642.790011883
0.0 0.0
0.0 0.0
0.0 0.0
0.0 0.0
0.0 0.0
0.0 0.0
0.0 0.0
data/Jul26/83a02e9_Jul22/mu/mc/iso/nominal/Jul15/GJets1.root
mu
29.0 110.938283443
29.0 110.938283443
20.0 76.5091605186
2.0 7.65091609955
0.0 0.0
0.0 0.0
0.0 0.0
0.0 0.0
ele
1.0 3.82545804977
0.0 0.0
0.0 0.0
0.0 0.0
0.0 0.0
0.0 0.0
0.0 0.0
0.0 0.0
data/Jul26/83a02e9_Jul22/mu/mc/iso/nominal/Jul15/GJets2.root
mu
3.0 4.00133264065
3.0 4.00133264065
1.0 1.33377754688
0.0 0.0
0.0 0.0
0.0 0.0
0.0 0.0
0.0 0.0
ele
0.0 0.0
0.0 0.0
0.0 0.0
0.0 0.0
0.0 0.0
0.0 0.0
0.0 0.0
0.0 0.0
data/Jul26/83a02e9_Jul22/mu/mc/iso/nominal/Jul15/TTJets_FullLept.root
mu
1112268.0 54937.3745558
1112268.0 54937.3745558
691502.0 34154.8117663
308230.0 15224.160815
233259.0 11521.1774068
184327.0 9104.31787135
125024.0 6175.21163474
8256.0 407.782088384
ele
18820.0 929.561387524
0.0 0.0
0.0 0.0
0.0 0.0
0.0 0.0
0.0 0.0
0.0 0.0
0.0 0.0
data/Jul26/83a02e9_Jul22/mu/mc/iso/nominal/Jul15/TTJets_MassiveBinDECAY.root
mu
324298.0 277219.294007
324298.0 277219.294007
148690.0 127104.504201
59808.0 51125.6049253
41226.0 35241.1749762
33305.0 28470.0753201
22605.0 19323.4066174
1008.0 861.66749692
ele
1567.0 1339.51683736
0.0 0.0
0.0 0.0
0.0 0.0
0.0 0.0
0.0 0.0
0.0 0.0
0.0 0.0
data/Jul26/83a02e9_Jul22/mu/mc/iso/nominal/Jul15/TTJets_SemiLept.root
mu
2313520.0 230866.422078
2313520.0 230866.422078
962721.0 96070.0373809
373432.0 37264.821248
248346.0 24782.4751743
204239.0 20381.0327372
137792.0 13750.2791743
4654.0 464.423182949
ele
3638.0 363.03642635
0.0 0.0
0.0 0.0
0.0 0.0
0.0 0.0
0.0 0.0
0.0 0.0
0.0 0.0
data/Jul26/83a02e9_Jul22/mu/mc/iso/nominal/Jul15/T_s.root
mu
6340.0 1848.63113749
6340.0 1848.63113749
5033.0 1467.53320262
2328.0 678.803365409
1624.0 473.529491276
1293.0 377.015785068
964.0 281.085240722
67.0 19.5360072851
ele
15.0 4.37373295426
0.0 0.0
0.0 0.0
0.0 0.0
0.0 0.0
0.0 0.0
0.0 0.0
0.0 0.0
data/Jul26/83a02e9_Jul22/mu/mc/iso/nominal/Jul15/T_t.root
mu
221153.0 52130.1861234
189950.0 52007.2345376
72861.0 22508.4592121
30122.0 9305.38703823
20863.0 6445.06647801
18239.0 5634.45172203
15945.0 4925.78169715
5588.0 1726.26330268
ele
191365.0 41873.9332685
151309.0 41735.535327
58478.0 18065.215744
24163.0 7464.51325011
12340.0 3812.11330158
10859.0 3354.5979324
9100.0 2811.20185664
3034.0 937.273241073
data/Jul26/83a02e9_Jul22/mu/mc/iso/nominal/Jul15/T_tW.root
mu
30210.0 13476.3632466
30210.0 13476.3632466
18818.0 8394.51188293
6608.0 2947.75928548
4477.0 1997.14262366
3794.0 1692.46348795
2560.0 1141.98908278
119.0 53.0846481025
ele
134.0 59.7759904563
0.0 0.0
0.0 0.0
0.0 0.0
0.0 0.0
0.0 0.0
0.0 0.0
0.0 0.0
data/Jul26/83a02e9_Jul22/mu/mc/iso/nominal/Jul15/T_t_ToLeptons.root
mu
728191.0 52413.3815408
627943.0 52304.7234826
241776.0 22706.0602818
100516.0 9439.82186484
70671.0 6636.96974349
61980.0 5820.76643825
54193.0 5089.46101248
18925.0 1777.31534445
ele
624031.0 41985.400321
499068.0 41840.9611692
192849.0 18111.1484635
79650.0 7480.22017765
41283.0 3877.03615847
36252.0 3404.55671164
30056.0 2822.66788259
9954.0 934.816217095
data/Jul26/83a02e9_Jul22/mu/mc/iso/nominal/Jul15/Tbar_s.root
mu
3462.0 870.607395828
3462.0 870.607395828
2712.0 682.000947416
1263.0 317.613268316
893.0 224.567419767
712.0 179.050395429
554.0 139.317303181
34.0 8.55015921593
ele
6.0 1.50885164738
0.0 0.0
0.0 0.0
0.0 0.0
0.0 0.0
0.0 0.0
0.0 0.0
0.0 0.0
data/Jul26/83a02e9_Jul22/mu/mc/iso/nominal/Jul15/Tbar_t.root
mu
123663.0 29770.7525801
106420.0 29706.6578555
39775.0 12620.6414233
16489.0 5231.97376007
11451.0 3633.41208774
9902.0 3141.91307223
8605.0 2730.37386423
2448.0 776.75249964
ele
106932.0 24015.867228
85065.0 23939.7148288
32036.0 10165.0501398
13298.0 4219.4667787
6642.0 2107.51227367
5818.0 1846.05637425
4784.0 1517.96728855
1325.0 420.423633158
data/Jul26/83a02e9_Jul22/mu/mc/iso/nominal/Jul15/Tbar_tW.root
mu
29943.0 13470.8912401
29943.0 13470.8912401
18426.0 8289.57158023
6414.0 2885.5591073
4376.0 1968.69453806
3712.0 1669.9712199
2492.0 1121.11215746
116.0 52.1866012812
ele
113.0 50.8369471431
0.0 0.0
0.0 0.0
0.0 0.0
0.0 0.0
0.0 0.0
0.0 0.0
0.0 0.0
data/Jul26/83a02e9_Jul22/mu/mc/iso/nominal/Jul15/Tbar_t_ToLeptons.root
mu
337970.0 30203.2606315
292539.0 30140.2199344
108968.0 12744.789401
45840.0 5361.40100445
31897.0 3730.64151602
27673.0 3236.60667568
24255.0 2836.8407635
7023.0 821.403114729
ele
287231.0 24081.2751658
231925.0 24004.9011881
86823.0 10154.7321947
36036.0 4214.73488459
18148.0 2122.57210585
15869.0 1856.02252121
13126.0 1535.20395754
3586.0 419.415009476
data/Jul26/83a02e9_Jul22/mu/mc/iso/nominal/Jul15/W1Jets_exclusive.root
mu
4828.0 33807.1448431
4828.0 33807.1448431
4393.0 30761.1405306
44.0 308.101571083
35.0 245.080794334
25.0 175.057709694
14.0 98.0323176384
5.0 35.0115423203
ele
48.0 336.110804558
0.0 0.0
0.0 0.0
0.0 0.0
0.0 0.0
0.0 0.0
0.0 0.0
0.0 0.0
data/Jul26/83a02e9_Jul22/mu/mc/iso/nominal/Jul15/W2Jets_exclusive.root
mu
394809.0 828166.502542
394809.0 828166.502542
392003.0 822280.526289
5468.0 11469.8864512
3773.0 7914.38949943
3165.0 6639.02540421
1805.0 3786.2372582
164.0 344.012694597
ele
567.0 1189.3609519
0.0 0.0
0.0 0.0
0.0 0.0
0.0 0.0
0.0 0.0
0.0 0.0
0.0 0.0
data/Jul26/83a02e9_Jul22/mu/mc/iso/nominal/Jul15/W3Jets_exclusive.root
mu
605277.0 612269.856911
605277.0 612269.856911
492438.0 498127.212093
8650.0 8749.93479574
5887.0 5955.01342463
4782.0 4837.2471813
2440.0 2468.18968761
215.0 217.483926654
ele
922.0 932.652013779
0.0 0.0
0.0 0.0
0.0 0.0
0.0 0.0
0.0 0.0
0.0 0.0
0.0 0.0
data/Jul26/83a02e9_Jul22/mu/mc/iso/nominal/Jul15/W4Jets_exclusive.root
mu
869176.0 392958.730208
869176.0 392958.730208
534617.0 241702.967678
11023.0 4983.55234614
7336.0 3316.64157748
5864.0 2651.1431604
2680.0 1211.64113671
263.0 118.903589785
ele
1441.0 651.483169526
0.0 0.0
0.0 0.0
0.0 0.0
0.0 0.0
0.0 0.0
0.0 0.0
0.0 0.0
data/Jul26/83a02e9_Jul22/mu/mc/iso/nominal/Jul15/WJets_inclusive.root
mu
112528.0 1872070.55072
112528.0 1872070.55072
96101.0 1598782.97667
1530.0 25453.8243141
1031.0 17152.2174835
840.0 13974.6486893
447.0 7436.50943375
36.0 598.91350174
ele
210.0 3493.66215134
0.0 0.0
0.0 0.0
0.0 0.0
0.0 0.0
0.0 0.0
0.0 0.0
0.0 0.0
data/Jul26/83a02e9_Jul22/mu/mc/iso/nominal/Jul15/WJets_sherpa.root
mu
860832.0 20920746.7754
860832.0 20920746.7754
718426.0 17459862.6084
44727.0 1086997.50932
30339.0 737326.840618
25094.0 609857.932468
12108.0 294259.975807
1135.0 27583.8346939
ele
1544.0 37523.7362175
0.0 0.0
0.0 0.0
0.0 0.0
0.0 0.0
0.0 0.0
0.0 0.0
0.0 0.0
data/Jul26/83a02e9_Jul22/mu/mc/iso/nominal/Jul15/WW.root
mu
158073.0 18645.0799771
158073.0 18645.0799771
129102.0 15227.8826944
2518.0 297.003984123
1725.0 203.467780486
1399.0 165.015317932
716.0 84.4538729638
34.0 4.01037947834
ele
565.0 66.6430702433
0.0 0.0
0.0 0.0
0.0 0.0
0.0 0.0
0.0 0.0
0.0 0.0
0.0 0.0
data/Jul26/83a02e9_Jul22/mu/mc/iso/nominal/Jul15/WZ.root
mu
108505.0 8086.33738454
108505.0 8086.33738454
87102.0 6491.27833822
6068.0 452.217826977
3991.0 297.429359265
3047.0 227.07773909
1622.0 120.879584201
113.0 8.42132741958
ele
314.0 23.400856711
0.0 0.0
0.0 0.0
0.0 0.0
0.0 0.0
0.0 0.0
0.0 0.0
0.0 0.0
data/Jul26/83a02e9_Jul22/mu/mc/iso/nominal/Jul15/ZZ.root
mu
43722.0 764.747885115
43722.0 764.747885115
34286.0 599.701428646
2699.0 47.2086029146
1095.0 19.1528046597
811.0 14.1853192877
502.0 8.78055520914
19.0 0.332331759855
ele
165.0 2.88603901863
0.0 0.0
0.0 0.0
0.0 0.0
0.0 0.0
0.0 0.0
0.0 0.0
0.0 0.0
